Overall Accuracy: 99.94%

Detailed Classification Report:
              precision    recall  f1-score   support

           1     0.9963    1.0000    0.9982       270
           2     1.0000    1.0000    1.0000       101
           3     1.0000    1.0000    1.0000       251
           4     1.0000    1.0000    1.0000       215
           5     0.9963    0.9963    0.9963       269
           6     1.0000    0.9963    0.9981       269
           7     1.0000    1.0000    1.0000       259
           8     1.0000    1.0000    1.0000       203
           9     1.0000    1.0000    1.0000       314
          10     1.0000    1.0000    1.0000       248
          11     1.0000    1.0000    1.0000       305
          12     1.0000    1.0000    1.0000       181
          13     1.0000    1.0000    1.0000       268
          14     1.0000    1.0000    1.0000        95

    accuracy                         0.9994      3248
   macro avg     0.9995    0.9995    0.9995      3248
weighted avg     0.9994    0.9994    0.9994      3248
