Overall Accuracy: 99.70%

Detailed Classification Report:
              precision    recall  f1-score   support

           1     1.0000    1.0000    1.0000        46
           2     0.9951    0.9965    0.9958      1428
           3     0.9988    0.9964    0.9976       830
           4     1.0000    0.9916    0.9958       237
           5     0.9979    0.9876    0.9927       483
           6     0.9986    1.0000    0.9993       730
           7     1.0000    0.9643    0.9818        28
           8     1.0000    1.0000    1.0000       478
           9     1.0000    1.0000    1.0000        20
          10     0.9939    1.0000    0.9969       972
          11     0.9984    0.9980    0.9982      2455
          12     0.9949    0.9899    0.9924       593
          13     0.9714    0.9951    0.9831       205
          14     1.0000    0.9992    0.9996      1265
          15     1.0000    1.0000    1.0000       386
          16     0.9787    0.9892    0.9840        93

    accuracy                         0.9970     10249
   macro avg     0.9955    0.9942    0.9948     10249
weighted avg     0.9970    0.9970    0.9970     10249
