Overall Accuracy: 98.39%

Detailed Classification Report:
              precision    recall  f1-score   support

           1     1.0000    0.9961    0.9980       761
           2     0.9918    0.9959    0.9938       243
           3     0.9323    0.9688    0.9502       256
           4     0.9595    0.9405    0.9499       252
           5     1.0000    0.9876    0.9938       161
           6     1.0000    0.9738    0.9867       229
           7     1.0000    1.0000    1.0000       105
           8     0.9875    0.9188    0.9519       431
           9     0.9369    1.0000    0.9674       520
          10     0.9782    1.0000    0.9890       404
          11     1.0000    0.9976    0.9988       419
          12     0.9899    0.9742    0.9820       503
          13     1.0000    1.0000    1.0000       927

    accuracy                         0.9839      5211
   macro avg     0.9828    0.9810    0.9817      5211
weighted avg     0.9843    0.9839    0.9839      5211
