Overall Accuracy: 94.44%

Detailed Classification Report:
              precision    recall  f1-score   support

           1     0.9810    0.8958    0.9365       288
           2     1.0000    0.9851    0.9925        67
           3     0.9848    0.9539    0.9691       542
           4     0.8000    0.8101    0.8050        79
           5     0.9552    0.9743    0.9647      1401
           6     0.9662    0.6413    0.7709       223
           7     0.9397    0.9040    0.9215       500
           8     0.9176    0.9664    0.9414      1072
           9     0.9156    0.9494    0.9322      3793
          10     0.9463    0.9119    0.9288      2803
          11     0.9305    0.9282    0.9294       404
          12     0.9500    0.9754    0.9625       487
          13     0.9993    1.0000    0.9996      1393
          14     1.0000    1.0000    1.0000       451

    accuracy                         0.9444     13503
   macro avg     0.9490    0.9211    0.9324     13503
weighted avg     0.9450    0.9444    0.9439     13503
