Overall Accuracy: 99.86%

Detailed Classification Report:
              precision    recall  f1-score   support

           1     1.0000    1.0000    1.0000     65971
           2     0.9974    0.9934    0.9954      7598
           3     0.9687    0.9926    0.9805      3090
           4     0.9996    1.0000    0.9998      2685
           5     0.9962    0.9932    0.9947      6584
           6     0.9965    0.9990    0.9978      9248
           7     0.9999    0.9962    0.9980      7287
           8     0.9996    0.9996    0.9996     42826
           9     0.9975    0.9885    0.9930      2863

    accuracy                         0.9986    148152
   macro avg     0.9950    0.9958    0.9954    148152
weighted avg     0.9986    0.9986    0.9986    148152
