Overall Accuracy: 99.88%

Detailed Classification Report:
              precision    recall  f1-score   support

           1     0.9970    1.0000    0.9985      6631
           2     0.9999    1.0000    1.0000     18649
           3     0.9948    0.9981    0.9964      2099
           4     1.0000    0.9909    0.9954      3064
           5     0.9993    1.0000    0.9996      1345
           6     1.0000    1.0000    1.0000      5029
           7     0.9985    1.0000    0.9992      1330
           8     0.9954    0.9957    0.9955      3682
           9     1.0000    0.9958    0.9979       947

    accuracy                         0.9988     42776
   macro avg     0.9983    0.9978    0.9981     42776
weighted avg     0.9988    0.9988    0.9988     42776
