Overall Accuracy: 99.98%

Detailed Classification Report:
              precision    recall  f1-score   support

           1     1.0000    1.0000    1.0000      2009
           2     1.0000    1.0000    1.0000      3726
           3     1.0000    1.0000    1.0000      1976
           4     1.0000    0.9978    0.9989      1394
           5     0.9989    1.0000    0.9994      2678
           6     1.0000    1.0000    1.0000      3959
           7     1.0000    1.0000    1.0000      3579
           8     1.0000    0.9997    0.9999     11271
           9     1.0000    1.0000    1.0000      6203
          10     1.0000    1.0000    1.0000      3278
          11     1.0000    1.0000    1.0000      1068
          12     1.0000    1.0000    1.0000      1927
          13     0.9946    1.0000    0.9973       916
          14     0.9991    0.9953    0.9972      1070
          15     0.9996    1.0000    0.9998      7268
          16     1.0000    0.9994    0.9997      1807

    accuracy                         0.9998     54129
   macro avg     0.9995    0.9995    0.9995     54129
weighted avg     0.9998    0.9998    0.9998     54129
